Filename,X1,Y1,X2,Y2,Width,Height
piece_1.jpg,223,4,274,327,51,323
piece_2.jpg,272,2,319,335,47,333
piece_3.jpg,39,2,116,351,77,349
piece_4.jpg,424,2,503,346,79,344
piece_5.jpg,388,0,454,329,66,329
piece_6.jpg,0,0,69,347,69,347
piece_7.jpg,86,4,150,348,64,344
piece_8.jpg,173,2,232,333,59,331
piece_9.jpg,350,2,404,327,54,325
piece_10.jpg,309,14,358,336,49,322
piece_11.jpg,476,3,537,338,61,335
piece_12.jpg,131,4,193,343,62,339
piece_13.jpg,0,71,39,350,39,279
